0 0 0 0 1 0 0 0 9 0 0 50 4.9 0 0 0 5.1
0.25 0.65 0.084216 0.1625 1.02105 0.65 -0.0842089 0.1625 8.97895 -0.65 1.80924e-10 49.8375 4.9 0.649999 -7.54599e-06 0.1625 5.1
0.5 0.975 0.117633 0.40625 1.05046 0.975 -0.117623 0.40625 8.94954 -0.975 2.70795e-10 49.5938 4.9 0.974998 -1.19682e-05 0.406249 5.1
0.75 1.1375 0.123588 0.690625 1.08136 1.1375 -0.123576 0.690625 8.91865 -1.1375 3.14841e-10 49.3094 4.9 1.1375 -1.49283e-05 0.690623 5.09999
1 1.21875 0.116786 0.995312 1.11056 1.21875 -0.116773 0.995312 8.88945 -1.21875 3.35818e-10 49.0047 4.9 1.21875 -1.71836e-05 0.99531 5.09999
1.25 1.25937 0.105373 1.31016 1.1369 1.25937 -0.10536 1.31016 8.86311 -1.25937 3.45177e-10 48.6898 4.9 1.25937 -1.90683e-05 1.31015 5.09998
1.5 1.27968 0.0933246 1.63008 1.16023 1.27968 -0.0933102 1.63008 8.83979 -1.27969 3.48681e-10 48.3699 4.9 1.27968 -2.07267e-05 1.63007 5.09998
1.75 1.28984 0.0822965 1.95254 1.1808 1.28984 -0.0822814 1.95254 8.81922 -1.28984 3.4923e-10 48.0475 4.9 1.28984 -2.22221e-05 1.95253 5.09997
2 1.29491 0.0727935 2.27626 1.199 1.29491 -0.0727777 2.27626 8.80102 -1.29492 3.48282e-10 47.7237 4.9 1.29491 -2.3585e-05 2.27626 5.09997
2.25 1.29745 0.0648104 2.60063 1.21521 1.29745 -0.0647939 2.60063 8.78482 -1.29746 3.46573e-10 47.3994 4.9 1.29745 -2.48333e-05 2.60062 5.09996
2.5 1.29872 0.0581541 2.92531 1.22974 1.29872 -0.058137 2.92531 8.77029 -1.29873 3.44473e-10 47.0747 4.9 1.29872 -2.59799e-05 2.9253 5.09995
2.75 1.29935 0.0525908 3.25015 1.24289 1.29935 -0.052573 3.25015 8.75715 -1.29937 3.42166e-10 46.7498 4.9 1.29936 -2.70357e-05 3.25014 5.09995
3 1.29967 0.0479047 3.57506 1.25487 1.29967 -0.0478864 3.57506 8.74517 -1.29968 3.39747e-10 46.4249 4.9 1.29967 -2.80099e-05 3.57506 5.09994
3.25 1.29982 0.0439163 3.90002 1.26585 1.29982 -0.0438975 3.90002 8.7342 -1.29984 3.37263e-10 46.1 4.9 1.29983 -2.89107e-05 3.90002 5.09993
3.5 1.2999 0.0404836 4.22499 1.27597 1.2999 -0.0404644 4.22499 8.72408 -1.29992 3.34736e-10 45.775 4.9 1.29991 -2.97451e-05 4.225 5.09992
3.75 1.29994 0.0374963 4.54998 1.28534 1.29994 -0.0374767 4.54998 8.71472 -1.29996 3.32179e-10 45.45 4.9 1.29995 -3.05188e-05 4.54999 5.09992
4 1.29996 0.0348697 4.87497 1.29406 1.29996 -0.0348497 4.87497 8.706 -1.29998 3.29598e-10 45.125 4.9 1.29997 -3.12369e-05 4.87498 5.09991
4.25 1.29996 0.0325384 5.19996 1.30219 1.29996 -0.0325181 5.19996 8.69787 -1.29999 3.26995e-10 44.8 4.9 1.29998 -3.19036e-05 5.19997 5.0999
4.5 1.29997 0.0304519 5.52495 1.30981 1.29997 -0.0304313 5.52495 8.69027 -1.3 3.24372e-10 44.475 4.9 1.29998 -3.25224e-05 5.52497 5.09989
4.75 1.29997 0.0285706 5.84994 1.31695 1.29997 -0.0285498 5.84994 8.68313 -1.3 3.21728e-10 44.15 4.9 1.29999 -3.30963e-05 5.84997 5.09988
5 1.29997 0.0268632 6.17493 1.32367 1.29997 -0.0268422 6.17493 8.67642 -1.3 3.19065e-10 43.825 4.9 1.29999 -3.36278e-05 6.17496 5.09988
5.25 1.29997 0.0253047 6.49993 1.32999 1.29997 -0.0252836 6.49993 8.6701 -1.3 3.16382e-10 43.5 4.9 1.29999 -3.41193e-05 6.49996 5.09987
5.5 1.29996 0.0238748 6.82492 1.33596 1.29996 -0.0238535 6.82492 8.66413 -1.3 3.13678e-10 43.175 4.9 1.29999 -3.45725e-05 6.82496 5.09986
5.75 1.29996 0.0225568 7.14991 1.3416 1.29996 -0.0225354 7.14991 8.6585 -1.3 3.10955e-10 42.85 4.9 1.29999 -3.49893e-05 7.14995 5.09985
6 1.29996 0.0213371 7.4749 1.34693 1.29996 -0.0213156 7.4749 8.65317 -1.3 3.0821e-10 42.525 4.9 1.29999 -3.5371e-05 7.47495 5.09984
6.25 1.29996 0.0202039 7.79989 1.35198 1.29996 -0.0201824 7.79989 8.64812 -1.3 3.05445e-10 42.2 4.9 1.29999 -3.57191e-05 7.79995 5.09983
6.5 1.29996 0.0191477 8.12488 1.35677 1.29996 -0.0191261 8.12488 8.64334 -1.3 3.02658e-10 41.875 4.9 1.29999 -3.60347e-05 8.12495 5.09982
6.75 1.29995 0.0181602 8.44986 1.36131 1.29995 -0.0181385 8.44986 8.63881 -1.3 2.9985e-10 41.55 4.9 1.29999 -3.63189e-05 8.44994 5.09981
7 1.29995 0.0172342 8.77485 1.36562 1.29995 -0.0172125 8.77485 8.63451 -1.3 2.97019e-10 41.225 4.9 1.29999 -3.65728e-05 8.77494 5.09981
7.25 1.29995 0.0163636 9.09984 1.36971 1.29995 -0.0163419 9.09984 8.63042 -1.3 2.94167e-10 40.9 4.9 1.29999 -3.67973e-05 9.09994 5.0998
7.5 1.29995 0.0155431 9.42483 1.3736 1.29995 -0.0155214 9.42483 8.62654 -1.3 2.91291e-10 40.575 4.9 1.29999 -3.69931e-05 9.42493 5.09979
7.75 1.29995 0.014768 9.74981 1.37729 1.29995 -0.0147465 9.74981 8.62285 -1.3 2.88393e-10 40.25 4.9 1.29999 -3.7161e-05 9.74993 5.09978
8 1.29994 0.0140344 10.0748 1.3808 1.29994 -0.0140129 10.0748 8.61935 -1.3 2.85471e-10 39.925 4.9 1.29999 -3.73019e-05 10.0749 5.09977
8.25 1.29994 0.0133385 10.3998 1.38413 1.29994 -0.0133171 10.3998 8.61602 -1.3 2.82526e-10 39.6 4.9 1.29999 -3.74163e-05 10.3999 5.09976
8.5 1.29994 0.0126772 10.7248 1.3873 1.29994 -0.0126559 10.7248 8.61286 -1.3 2.79556e-10 39.275 4.9 1.29999 -3.75049e-05 10.7249 5.09975
8.75 1.29994 0.0120477 11.0498 1.39031 1.29994 -0.0120265 11.0498 8.60985 -1.3 2.76562e-10 38.95 4.9 1.29999 -3.75683e-05 11.0499 5.09974
9 1.29994 0.0114474 11.3747 1.39318 1.29994 -0.0114264 11.3747 8.60699 -1.3 2.73543e-10 38.625 4.9 1.29999 -3.7607e-05 11.3749 5.09973
9.25 1.29993 0.0108741 11.6997 1.39589 1.29993 -0.0108532 11.6997 8.60428 -1.3 2.70498e-10 38.3 4.9 1.29999 -3.76216e-05 11.6999 5.09972
9.5 1.29993 0.0103258 12.0247 1.39848 1.29993 -0.010305 12.0247 8.6017 -1.3 2.67427e-10 37.975 4.9 1.29999 -3.76125e-05 12.0249 5.09971
9.75 1.29993 0.00980047 12.3497 1.40093 1.29993 -0.00977994 12.3497 8.59926 -1.3 2.64331e-10 37.65 4.9 1.29999 -3.75802e-05 12.3499 5.0997
10 1.29993 0.00929662 12.6747 1.40325 1.29993 -0.00927628 12.6747 8.59694 -1.3 2.61207e-10 37.325 4.9 1.29999 -3.75252e-05 12.6749 5.09969
10.25 1.29993 0.00881268 12.9997 1.40545 1.29993 -0.00879256 12.9997 8.59474 -1.3 2.58056e-10 37 4.9 1.29999 -3.74478e-05 12.9999 5.09968
10.5 1.29992 0.00834729 13.3246 1.40754 1.29992 -0.0083274 13.3246 8.59266 -1.3 2.54878e-10 36.675 4.9 1.29999 -3.73485e-05 13.3249 5.09967
10.75 1.29992 0.00789919 13.6496 1.40951 1.29992 -0.00787956 13.6496 8.59069 -1.3 2.51672e-10 36.35 4.9 1.29999 -3.72276e-05 13.6499 5.09967
11 1.29992 0.00746725 13.9746 1.41138 1.29992 -0.00744788 13.9746 8.58883 -1.3 2.48436e-10 36.025 4.9 1.29998 -3.70856e-05 13.9749 5.09966
11.25 1.29992 0.00705041 14.2996 1.41314 1.29992 -0.00703131 14.2996 8.58707 -1.3 2.45172e-10 35.7 4.9 1.29998 -3.69226e-05 14.2999 5.09965
11.5 1.29992 0.00664771 14.6246 1.41481 1.29992 -0.0066289 14.6246 8.58541 -1.3 2.41878e-10 35.375 4.9 1.29998 -3.67392e-05 14.6249 5.09964
11.75 1.29991 0.00625827 14.9495 1.41637 1.29991 -0.00623975 14.9495 8.58385 -1.3 2.38553e-10 35.05 4.9 1.29998 -3.65355e-05 14.9499 5.09963
12 1.29991 0.00588126 15.2745 1.41784 1.29991 -0.00586306 15.2745 8.58239 -1.3 2.35198e-10 34.725 4.9 1.29998 -3.63119e-05 15.2749 5.09962
12.25 1.29991 0.00551593 15.5995 1.41922 1.29991 -0.00549805 15.5995 8.58101 -1.3 2.31812e-10 34.4 4.9 1.29998 -3.60686e-05 15.5999 5.09961
12.5 1.29991 0.00516158 15.9245 1.42051 1.29991 -0.00514404 15.9245 8.57973 -1.3 2.28393e-10 34.075 4.9 1.29998 -3.5806e-05 15.9249 5.0996
12.75 1.2999 0.00481756 16.2494 1.42171 1.2999 -0.00480037 16.2494 8.57853 -1.3 2.24942e-10 33.75 4.9 1.29998 -3.55243e-05 16.2499 5.09959
13 1.2999 0.00448327 16.5744 1.42283 1.2999 -0.00446643 16.5744 8.57741 -1.3 2.21457e-10 33.425 4.9 1.29998 -3.52237e-05 16.5749 5.09958
13.25 1.2999 0.00415813 16.8994 1.42387 1.2999 -0.00414167 16.8994 8.57637 -1.3 2.17939e-10 33.1 4.9 1.29998 -3.49044e-05 16.8998 5.09957
13.5 1.2999 0.00384164 17.2244 1.42483 1.2999 -0.00382555 17.2244 8.57542 -1.3 2.14386e-10 32.775 4.9 1.29998 -3.45668e-05 17.2248 5.09957
13.75 1.29989 0.00353329 17.5493 1.42572 1.29989 -0.00351759 17.5493 8.57454 -1.3 2.10798e-10 32.45 4.9 1.29998 -3.4211e-05 17.5498 5.09956
14 1.29989 0.00323262 17.8743 1.42653 1.29989 -0.00321732 17.8743 8.57373 -1.3 2.07174e-10 32.125 4.9 1.29998 -3.38372e-05 17.8748 5.09955
14.25 1.29989 0.00293921 18.1993 1.42726 1.29989 -0.00292432 18.1993 8.573 -1.3 2.03513e-10 31.8 4.9 1.29998 -3.34456e-05 18.1998 5.09954
14.5 1.29989 0.00265265 18.5243 1.42792 1.29989 -0.00263817 18.5243 8.57234 -1.3 1.99815e-10 31.475 4.9 1.29998 -3.30363e-05 18.5248 5.09953
14.75 1.29988 0.00237254 18.8492 1.42852 1.29988 -0.0023585 18.8492 8.57175 -1.3 1.96079e-10 31.15 4.9 1.29998 -3.26097e-05 18.8498 5.09952
15 1.29988 0.00209854 19.1742 1.42904 1.29988 -0.00208493 19.1742 8.57123 -1.3 1.92303e-10 30.825 4.9 1.29998 -3.21658e-05 19.1748 5.09952
15.25 1.29988 0.0018303 19.4992 1.4295 1.29988 -0.00181714 19.4992 8.57078 -1.3 1.88488e-10 30.5 4.9 1.29998 -3.17048e-05 19.4998 5.09951
15.5 1.29987 0.0015675 19.8241 1.42989 1.29987 -0.00155479 19.8241 8.57039 -1.3 1.84633e-10 30.175 4.9 1.29998 -3.12269e-05 19.8248 5.0995
15.75 1.29987 0.00130983 20.1491 1.43022 1.29987 -0.00129758 20.1491 8.57007 -1.3 1.80735e-10 29.85 4.9 1.29998 -3.07321e-05 20.1498 5.09949
16 1.29987 0.001057 20.4741 1.43048 1.29987 -0.00104521 20.4741 8.5698 -1.3 1.76796e-10 29.525 4.9 1.29998 -3.02207e-05 20.4748 5.09949
16.25 1.29986 0.000808733 20.799 1.43069 1.29987 -0.000797418 20.799 8.5696 -1.3 1.72813e-10 29.2 4.9 1.29998 -2.96928e-05 20.7998 5.09948
16.5 1.29986 0.00056476 21.124 1.43083 1.29986 -0.000553926 21.124 8.56947 -1.3 1.68778e-10 28.875 4.9 1.29998 -2.91484e-05 21.1248 5.09947
16.75 1.29986 0.000324829 21.449 1.43091 1.29986 -0.000314483 21.449 8.56939 -1.3 1.64522e-10 28.55 4.9 1.29998 -2.85877e-05 21.4498 5.09946
17 1.29986 8.86967e-05 21.7739 1.43093 1.29986 -7.88454e-05 21.7739 8.56937 -1.3 1.57711e-10 28.225 4.9 1.29998 -2.80107e-05 21.7748 5.09946
17.25 1.29985 -0.00014387 22.0989 1.43089 1.29985 0.00015322 22.0989 8.56941 -1.3 1.19672e-10 27.9 4.9 1.29998 -2.74174e-05 22.0998 5.09945
17.5 1.29985 -0.000373096 22.4239 1.4308 1.29985 0.00038194 22.4239 8.5695 -1.3 -2.75386e-10 27.575 4.9 1.29998 -2.68061e-05 22.4248 5.09944
17.75 1.29984 -0.000599201 22.7488 1.43065 1.29985 0.000607532 22.7488 8.56965 -1.3 -4.52716e-09 27.25 4.9 1.29998 -2.61608e-05 22.7498 5.09944
18 1.29984 -0.00082241 23.0738 1.43045 1.29984 0.000830217 23.0738 8.56986 -1.3 -4.85505e-08 26.925 4.9 1.29998 -2.53421e-05 23.0748 5.09943
18.25 1.29984 -0.001043 23.3987 1.43018 1.29984 0.00105025 23.3987 8.57012 -1.29999 -4.8645e-07 26.6 4.9 1.29995 -2.31247e-05 23.3998 5.09942
18.5 1.29983 -0.00126152 23.7237 1.42987 1.29983 0.00126804 23.7237 8.57044 -1.29991 -4.68773e-06 26.275 4.9 1.29976 -8.71814e-06 23.7247 5.09942
18.75 1.29983 -0.00147941 24.0486 1.4295 1.29983 0.00148454 24.0486 8.57081 -1.2994 -4.37912e-05 25.9502 4.89999 1.29843 0.000113311 24.0493 5.09945
19 1.29982 -0.00170024 24.3736 1.42907 1.29982 0.00170181 24.3736 8.57124 -1.29602 -0.000400103 25.6262 4.89989 1.29013 0.00119298 24.3718 5.09975
19.25 1.29981 -0.00192955 24.6986 1.42859 1.29982 0.00192279 24.6986 8.57172 -1.27645 -0.0036159 25.3071 4.89898 1.24717 0.0108568 24.6836 5.10246
19.5 1.2998 -0.00216806 25.0235 1.42805 1.29981 0.00214796 25.0235 8.57226 -1.19404 -0.0324943 25.0085 4.89086 1.13534 0.0953646 24.9675 5.1263
19.75 1.29981 -0.00240179 25.3485 1.42745 1.29981 0.00237295 25.3485 8.57285 -1.21386 -0.206067 24.7051 4.83934 1.34798 0.189494 25.3045 5.17368
20 1.29982 -0.00261828 25.6734 1.42679 1.29981 0.00258919 25.6734 8.5735 -1.39572 -0.178812 24.3562 4.79464 1.40586 0.125491 25.6559 5.20505
20.25 1.29983 -0.00280536 25.9984 1.42609 1.29981 0.00279494 25.9984 8.57419 -1.38597 -0.098605 24.0097 4.76999 1.36884 0.0640927 25.9981 5.22107
20.5 1.29982 -0.00297466 26.3233 1.42535 1.29981 0.00299477 26.3233 8.57494 -1.34933 -0.0472162 23.6723 4.75819 1.33687 0.0291982 26.3324 5.22837
20.75 1.29981 -0.00314712 26.6483 1.42456 1.2998 0.00319308 26.6483 8.57574 -1.3256 -0.0198791 23.3409 4.75322 1.31877 0.0110678 26.662 5.23114
21 1.2998 -0.00332991 26.9732 1.42373 1.29979 0.00339146 26.9732 8.57659 -1.31292 -0.00587083 23.0127 4.75175 1.30942 0.00182491 26.9894 5.2316
21.25 1.29979 -0.00352132 27.2982 1.42285 1.29979 0.00359 27.2982 8.57749 -1.30647 0.00124978 22.6861 4.75206 1.30469 -0.0028672 27.3156 5.23088
21.5 1.29978 -0.00371805 27.6231 1.42192 1.29978 0.0037885 27.6231 8.57843 -1.30322 0.00486332 22.3603 4.75328 1.30233 -0.00524645 27.6412 5.22957
21.75 1.29978 -0.00391777 27.9481 1.42094 1.29977 0.00398691 27.9481 8.57943 -1.3016 0.00669672 22.0349 4.75495 1.30114 -0.00645204 27.9664 5.22795
22 1.29977 -0.00411916 28.273 1.41991 1.29977 0.00418532 28.273 8.58048 -1.30078 0.00762704 21.7097 4.75686 1.30055 -0.00706218 28.2916 5.22619
22.25 1.29976 -0.00432158 28.5979 1.41883 1.29976 0.0043839 28.5979 8.58157 -1.30038 0.00809921 21.3846 4.75888 1.30026 -0.00737018 28.6166 5.22435
22.5 1.29976 -0.00452477 28.9229 1.4177 1.29976 0.00458284 28.9229 8.58272 -1.30017 0.0083389 21.0595 4.76097 1.30011 -0.00752484 28.9417 5.22247
22.75 1.29975 -0.0047287 29.2478 1.41652 1.29975 0.00478235 29.2478 8.58391 -1.30007 0.00846061 20.7345 4.76308 1.30003 -0.00760166 29.2667 5.22057
23 1.29974 -0.00493343 29.5728 1.41528 1.29974 0.00498262 29.5727 8.58516 -1.30002 0.00852242 20.4095 4.76521 1.3 -0.00763896 29.5917 5.21866
23.25 1.29974 -0.00513909 29.8977 1.414 1.29974 0.00518386 29.8977 8.58646 -1.3 0.00855382 20.0845 4.76735 1.29998 -0.00765618 29.9167 5.21674
23.5 1.29973 -0.00534586 30.2226 1.41266 1.29973 0.00538628 30.2226 8.5878 -1.29998 0.00856978 19.7595 4.76949 1.29997 -0.0076632 30.2417 5.21483
23.75 1.29972 -0.00555392 30.5476 1.41127 1.29972 0.00559009 30.5475 8.5892 -1.29998 0.00857789 19.4345 4.77164 1.29997 -0.00766503 30.5667 5.21291
24 1.29972 -0.00576348 30.8725 1.40983 1.29972 0.0057955 30.8725 8.59065 -1.29997 0.00858201 19.1095 4.77378 1.29996 -0.00766422 30.8916 5.21099
24.25 1.29971 -0.00597476 31.1974 1.40834 1.29971 0.00600274 31.1974 8.59215 -1.29997 0.00858411 18.7845 4.77593 1.29996 -0.00766207 31.2166 5.20908
24.5 1.2997 -0.00618798 31.5223 1.40679 1.2997 0.00621204 31.5223 8.5937 -1.29997 0.00858518 18.4595 4.77808 1.29996 -0.00765923 31.5416 5.20716
24.75 1.29969 -0.00640339 31.8473 1.40519 1.29969 0.00642363 31.8473 8.59531 -1.29997 0.00858572 18.1346 4.78022 1.29996 -0.00765604 31.8666 5.20525
25 1.29968 -0.00662125 32.1722 1.40354 1.29968 0.00663778 32.1722 8.59697 -1.29997 0.00858599 17.8096 4.78237 1.29996 -0.00765267 32.1916 5.20334
25.25 1.29968 -0.00684181 32.4971 1.40183 1.29968 0.00685475 32.4971 8.59868 -1.29997 0.00858614 17.4846 4.78451 1.29996 -0.0076492 32.5166 5.20142
25.5 1.29967 -0.00706536 32.822 1.40006 1.29967 0.00707482 32.822 8.60045 -1.29997 0.00858621 17.1596 4.78666 1.29996 -0.00764568 32.8416 5.19951
25.75 1.29966 -0.0072922 33.1469 1.39824 1.29966 0.00729827 33.1469 8.60227 -1.29997 0.00858624 16.8346 4.78881 1.29996 -0.00764213 33.1666 5.1976
26 1.29965 -0.00752263 33.4718 1.39636 1.29965 0.00752543 33.4718 8.60416 -1.29997 0.00858626 16.5096 4.79095 1.29996 -0.00763856 33.4916 5.19569
26.25 1.29964 -0.00775699 33.7968 1.39442 1.29964 0.00775662 33.7967 8.6061 -1.29997 0.00858627 16.1846 4.7931 1.29996 -0.00763498 33.8166 5.19378
26.5 1.29963 -0.00799563 34.1217 1.39242 1.29963 0.00799218 34.1217 8.60809 -1.29997 0.00858628 15.8596 4.79525 1.29996 -0.00763139 34.1416 5.19188
26.75 1.29961 -0.00823892 34.4466 1.39036 1.29961 0.0082325 34.4466 8.61015 -1.29997 0.00858628 15.5346 4.79739 1.29996 -0.0076278 34.4665 5.18997
27 1.2996 -0.00848726 34.7715 1.38824 1.2996 0.00847798 34.7715 8.61227 -1.29997 0.00858628 15.2096 4.79954 1.29996 -0.0076242 34.7915 5.18806
27.25 1.29959 -0.00874108 35.0964 1.38605 1.29959 0.00872903 35.0964 8.61445 -1.29997 0.00858628 14.8846 4.80169 1.29996 -0.00762059 35.1165 5.18616
27.5 1.29958 -0.00900084 35.4213 1.3838 1.29958 0.00898611 35.4212 8.6167 -1.29997 0.00858628 14.5596 4.80383 1.29996 -0.00761697 35.4415 5.18425
27.75 1.29956 -0.00926702 35.7461 1.38148 1.29956 0.00924973 35.7461 8.61901 -1.29997 0.00858628 14.2346 4.80598 1.29996 -0.00761335 35.7665 5.18235
28 1.29955 -0.00954017 36.071 1.3791 1.29955 0.00952039 36.071 8.62139 -1.29997 0.00858628 13.9096 4.80813 1.29996 -0.00760973 36.0915 5.18045
28.25 1.29953 -0.00982085 36.3959 1.37664 1.29953 0.00979869 36.3959 8.62384 -1.29997 0.00858628 13.5847 4.81027 1.29996 -0.00760609 36.4165 5.17855
28.5 1.29952 -0.0101097 36.7208 1.37412 1.29952 0.0100852 36.7208 8.62636 -1.29997 0.00858628 13.2597 4.81242 1.29996 -0.00760245 36.7415 5.17665
28.75 1.2995 -0.0104073 37.0457 1.37152 1.2995 0.0103807 37.0457 8.62896 -1.29997 0.00858628 12.9347 4.81457 1.29996 -0.0075988 37.0665 5.17475
29 1.29948 -0.0107145 37.3705 1.36884 1.29948 0.0106858 37.3705 8.63163 -1.29997 0.00858628 12.6097 4.81671 1.29996 -0.00759514 37.3915 5.17285
29.25 1.29946 -0.0110321 37.6954 1.36608 1.29947 0.0110013 37.6954 8.63438 -1.29997 0.00858628 12.2847 4.81886 1.29996 -0.00759147 37.7165 5.17095
29.5 1.29944 -0.0113609 38.0203 1.36324 1.29945 0.0113282 38.0203 8.63721 -1.29997 0.00858628 11.9597 4.82101 1.29996 -0.0075878 38.0414 5.16905
29.75 1.29942 -0.0117019 38.3451 1.36031 1.29942 0.0116674 38.3451 8.64013 -1.29997 0.00858628 11.6347 4.82315 1.29996 -0.00758411 38.3664 5.16716
30 1.2994 -0.0120561 38.67 1.3573 1.2994 0.0120199 38.67 8.64313 -1.29997 0.00858628 11.3097 4.8253 1.29996 -0.00758041 38.6914 5.16526
30.25 1.29938 -0.0124247 38.9948 1.35419 1.29938 0.0123868 38.9948 8.64623 -1.29997 0.00858628 10.9847 4.82745 1.29997 -0.0075767 39.0164 5.16337
30.5 1.29935 -0.012809 39.3197 1.35099 1.29935 0.0127696 39.3197 8.64942 -1.29997 0.00858628 10.6597 4.82959 1.29997 -0.00757297 39.3414 5.16147
30.75 1.29933 -0.0132105 39.6445 1.34769 1.29933 0.0131695 39.6445 8.65272 -1.29997 0.00858628 10.3347 4.83174 1.29997 -0.00756923 39.6664 5.15958
31 1.2993 -0.0136306 39.9693 1.34428 1.2993 0.0135883 39.9693 8.65611 -1.29997 0.00858628 10.0097 4.83389 1.29997 -0.00756548 39.9914 5.15769
31.25 1.29927 -0.0140712 40.2941 1.34076 1.29927 0.0140276 40.2941 8.65962 -1.29997 0.00858628 9.68474 4.83603 1.29997 -0.00756171 40.3164 5.1558
31.5 1.29923 -0.0145343 40.6189 1.33713 1.29923 0.0144894 40.6189 8.66324 -1.29997 0.00858628 9.35975 4.83818 1.29997 -0.00755791 40.6414 5.15391
31.75 1.2992 -0.015022 40.9437 1.33337 1.2992 0.0149761 40.9437 8.66699 -1.29997 0.00858628 9.03475 4.84033 1.29997 -0.0075541 40.9664 5.15202
32 1.29916 -0.015537 41.2685 1.32949 1.29916 0.01549 41.2685 8.67086 -1.29997 0.00858628 8.70976 4.84247 1.29997 -0.00755027 41.2914 5.15013
32.25 1.29912 -0.0160821 41.5933 1.32547 1.29912 0.0160342 41.5933 8.67487 -1.29997 0.00858628 8.38477 4.84462 1.29997 -0.0075464 41.6163 5.14825
32.5 1.29907 -0.0166606 41.9181 1.3213 1.29907 0.0166118 41.9181 8.67902 -1.29997 0.00858628 8.05977 4.84677 1.29997 -0.00754251 41.9413 5.14636
32.75 1.29902 -0.0172762 42.2428 1.31698 1.29902 0.0172266 42.2428 8.68333 -1.29997 0.00858628 7.73478 4.84891 1.29997 -0.00753859 42.2663 5.14448
33 1.29897 -0.0179333 42.5676 1.3125 1.29897 0.017883 42.5676 8.6878 -1.29997 0.00858628 7.40979 4.85106 1.29997 -0.00753464 42.5913 5.14259
33.25 1.29891 -0.0186368 42.8923 1.30784 1.29891 0.0185858 42.8923 8.69244 -1.29997 0.00858628 7.08479 4.85321 1.29997 -0.00753064 42.9163 5.14071
33.5 1.29885 -0.0193925 43.217 1.30299 1.29885 0.0193411 43.217 8.69728 -1.29997 0.00858628 6.7598 4.85535 1.29997 -0.0075266 43.2413 5.13883
33.75 1.29878 -0.0202074 43.5417 1.29794 1.29878 0.0201555 43.5417 8.70232 -1.29997 0.00858628 6.43481 4.8575 1.29997 -0.00752252 43.5663 5.13695
34 1.2987 -0.0210894 43.8664 1.29267 1.2987 0.0210371 43.8664 8.70758 -1.29997 0.00858628 6.10982 4.85964 1.29997 -0.00751838 43.8913 5.13507
34.25 1.29861 -0.0220482 44.191 1.28716 1.29861 0.0219956 44.191 8.71308 -1.29997 0.00858628 5.78482 4.86179 1.29997 -0.00751418 44.2163 5.13319
34.5 1.29851 -0.0230953 44.5157 1.28138 1.29851 0.0230426 44.5157 8.71884 -1.29997 0.00858628 5.45983 4.86394 1.29997 -0.00750991 44.5413 5.13131
34.75 1.2984 -0.0242447 44.8403 1.27532 1.2984 0.0241918 44.8403 8.72488 -1.29997 0.00858628 5.13484 4.86608 1.29997 -0.00750556 44.8663 5.12944
35 1.29828 -0.0255135 45.1648 1.26894 1.29828 0.0254606 45.1648 8.73125 -1.29997 0.00858628 4.80984 4.86823 1.29997 -0.00750112 45.1913 5.12756
35.25 1.29814 -0.0269229 45.4894 1.26221 1.29814 0.02687 45.4894 8.73797 -1.29997 0.00858628 4.48485 4.87038 1.29997 -0.00749658 45.5163 5.12569
35.5 1.29797 -0.0284996 45.8139 1.25509 1.29797 0.0284468 45.8139 8.74508 -1.29997 0.00858628 4.15986 4.87252 1.29997 -0.00749192 45.8412 5.12381
35.75 1.29778 -0.0302774 46.1383 1.24752 1.29779 0.0302248 46.1383 8.75264 -1.29997 0.00858628 3.83487 4.87467 1.29997 -0.00748712 46.1662 5.12194
36 1.29756 -0.0323003 46.4627 1.23944 1.29756 0.032248 46.4627 8.7607 -1.29997 0.00858628 3.50987 4.87682 1.29997 -0.00748216 46.4912 5.12007
36.25 1.2973 -0.0346265 46.787 1.23079 1.2973 0.0345745 46.787 8.76934 -1.29997 0.00858628 3.18488 4.87896 1.29997 -0.007477 46.8162 5.1182
36.5 1.29698 -0.0373346 47.1113 1.22145 1.29698 0.037283 47.1113 8.77866 -1.29997 0.00858628 2.85989 4.88111 1.29997 -0.00747161 47.1412 5.11633
36.75 1.29659 -0.0405338 47.4354 1.21132 1.29659 0.0404828 47.4354 8.78878 -1.29997 0.00858628 2.53489 4.88326 1.29997 -0.00746593 47.4662 5.11447
37 1.2961 -0.0443812 47.7594 1.20022 1.2961 0.0443307 47.7594 8.79987 -1.29997 0.00858628 2.2099 4.8854 1.29997 -0.00745988 47.7912 5.1126
37.25 1.29547 -0.0491113 48.0833 1.18795 1.29547 0.0490615 48.0833 8.81213 -1.29997 0.00858628 1.88491 4.88755 1.29997 -0.00745337 48.1162 5.11074
37.5 1.29463 -0.055094 48.407 1.17417 1.29464 0.0550448 48.407 8.82589 -1.29997 0.00858628 1.55992 4.8897 1.29997 -0.00744622 48.4412 5.10888
37.75 1.29347 -0.0629514 48.7303 1.15844 1.29347 0.0629029 48.7303 8.84162 -1.29997 0.00858628 1.23492 4.89184 1.29997 -0.00743819 48.7662 5.10702
38 1.29173 -0.0738328 49.0533 1.13998 1.29174 0.0737851 49.0533 8.86006 -1.29997 0.00858628 0.909929 4.89399 1.29997 -0.00742882 49.0912 5.10516
38.25 1.28887 -0.0901695 49.3755 1.11744 1.28888 0.0901226 49.3755 8.88259 -1.29997 0.00858628 0.584937 4.89614 1.29997 -0.0074172 49.4162 5.10331
38.5 1.28324 -0.118397 49.6963 1.08784 1.28325 0.118351 49.6963 8.91218 -1.29997 0.00858628 0.259944 4.89828 1.29997 -0.00740097 49.7412 5.10146
38.75 1.26603 -0.185504 0.012793 1.04146 1.26604 0.185461 0.0128128 8.95855 -1.29997 0.00859392 49.935 4.90043 1.17039 0.127068 0.033757 5.13322
39 1.28302 -0.024844 0.333547 1.03525 1.28302 0.0248309 0.333568 8.96475 -1.29999 0.00429134 49.61 4.9015 1.23519 0.0630911 0.342555 5.149
39.25 1.29151 0.0577235 0.656424 1.04968 1.29151 -0.0577196 0.656446 8.95033 -1.29999 0.00212596 49.285 4.90204 1.26759 0.0308918 0.659453 5.15672
39.5 1.29575 0.0938984 0.980362 1.07315 1.29575 -0.0938849 0.980384 8.92685 -1.3 0.00103613 48.96 4.90229 1.28379 0.0146847 0.980402 5.16039
39.75 1.29788 0.104394 1.30483 1.09925 1.29788 -0.104375 1.30485 8.90076 -1.3 0.000487597 48.635 4.90242 1.29189 0.00652598 1.30338 5.16202
40 1.29894 0.102139 1.62957 1.12479 1.29894 -0.102117 1.62959 8.87523 -1.3 0.000211498 48.31 4.90247 1.29594 0.0024181 1.62736 5.16263
40.25 1.29947 0.0945124 1.95443 1.14842 1.29947 -0.0944888 1.95445 8.85161 -1.3 7.25202e-05 47.985 4.90249 1.29797 0.000349153 1.95185 5.16271
40.5 1.29973 0.0853388 2.27936 1.16975 1.29973 -0.0853137 2.27939 8.83028 -1.3 2.5605e-06 47.66 4.90249 1.29898 -0.000693432 2.2766 5.16254
40.75 1.29986 0.0763895 2.60433 1.18885 1.29986 -0.0763632 2.60435 8.81119 -1.3 -3.26579e-05 47.335 4.90248 1.29949 -0.00121929 2.60147 5.16224
41 1.29993 0.0683539 2.92931 1.20594 1.29993 -0.0683265 2.92933 8.79411 -1.3 -5.0388e-05 47.01 4.90247 1.29974 -0.00148494 2.9264 5.16186
41.25 1.29996 0.0613986 3.2543 1.22129 1.29996 -0.0613703 3.25432 8.77877 -1.3 -5.93144e-05 46.685 4.90245 1.29986 -0.00161952 3.25137 5.16146
41.5 1.29997 0.0554651 3.57929 1.23515 1.29997 -0.0554359 3.57932 8.76491 -1.3 -6.38086e-05 46.36 4.90244 1.29993 -0.00168804 3.57635 5.16104
41.75 1.29998 0.0504161 3.90429 1.24776 1.29998 -0.0503862 3.90431 8.75231 -1.3 -6.60715e-05 46.035 4.90242 1.29996 -0.00172323 3.90134 5.16061
42 1.29998 0.0461028 4.22928 1.25928 1.29998 -0.0460721 4.2293 8.74079 -1.3 -6.72109e-05 45.71 4.9024 1.29997 -0.00174158 4.22633 5.16017
42.25 1.29998 0.0423905 4.55428 1.26988 1.29998 -0.0423593 4.5543 8.7302 -1.3 -6.77847e-05 45.385 4.90239 1.29998 -0.0017514 4.55133 5.15973
42.5 1.29998 0.0391671 4.87927 1.27967 1.29998 -0.0391353 4.87929 8.72042 -1.3 -6.80736e-05 45.06 4.90237 1.29998 -0.00175687 4.87633 5.15929
42.75 1.29998 0.0363421 5.20427 1.28876 1.29998 -0.0363099 5.20429 8.71134 -1.3 -6.82191e-05 44.735 4.90235 1.29999 -0.0017601 5.20132 5.15885
43 1.29997 0.0338442 5.52926 1.29722 1.29997 -0.0338117 5.52928 8.70289 -1.3 -6.82924e-05 44.41 4.90234 1.29999 -0.00176216 5.52632 5.15841
43.25 1.29997 0.031617 5.85425 1.30512 1.29997 -0.0315842 5.85428 8.69499 -1.3 -6.83293e-05 44.085 4.90232 1.29999 -0.00176359 5.85132 5.15797
43.5 1.29997 0.0296162 6.17925 1.31253 1.29997 -0.0295831 6.17927 8.6876 -1.3 -6.83479e-05 43.76 4.9023 1.29999 -0.00176467 6.17631 5.15753
43.75 1.29997 0.0278065 6.50424 1.31948 1.29997 -0.0277732 6.50426 8.68065 -1.3 -6.83573e-05 43.435 4.90228 1.29999 -0.00176553 6.50131 5.15709
44 1.29997 0.0261597 6.82923 1.32602 1.29997 -0.0261262 6.82925 8.67412 -1.3 -6.8362e-05 43.11 4.90227 1.29999 -0.00176624 6.82631 5.15665
44.25 1.29996 0.024653 7.15422 1.33218 1.29997 -0.0246194 7.15424 8.66797 -1.3 -6.83644e-05 42.785 4.90225 1.29999 -0.00176686 7.1513 5.15621
44.5 1.29996 0.0232678 7.47921 1.338 1.29996 -0.0232342 7.47923 8.66216 -1.3 -6.83656e-05 42.46 4.90223 1.29999 -0.00176739 7.4763 5.15576
44.75 1.29996 0.0219888 7.8042 1.3435 1.29996 -0.0219551 7.80422 8.65667 -1.3 -6.83662e-05 42.135 4.90222 1.29999 -0.00176785 7.8013 5.15532
45 1.29996 0.0208031 8.12919 1.3487 1.29996 -0.0207695 8.12921 8.65148 -1.3 -6.83665e-05 41.81 4.9022 1.29999 -0.00176824 8.12629 5.15488
45.25 1.29996 0.0197 8.45418 1.35362 1.29996 -0.0196664 8.4542 8.64656 -1.3 -6.83667e-05 41.485 4.90218 1.29999 -0.00176857 8.45129 5.15444
45.5 1.29995 0.0186704 8.77917 1.35829 1.29996 -0.0186369 8.77919 8.6419 -1.3 -6.83667e-05 41.16 4.90216 1.29999 -0.00176885 8.77628 5.154
45.75 1.29995 0.0177065 9.10416 1.36272 1.29995 -0.0176731 9.10418 8.63748 -1.3 -6.83668e-05 40.835 4.90215 1.29999 -0.00176907 9.10128 5.15355
46 1.29995 0.0168016 9.42915 1.36692 1.29995 -0.0167684 9.42917 8.63329 -1.3 -6.83668e-05 40.51 4.90213 1.29998 -0.00176924 9.42628 5.15311
46.25 1.29995 0.01595 9.75413 1.3709 1.29995 -0.0159169 9.75416 8.62931 -1.3 -6.83668e-05 40.185 4.90211 1.29998 -0.00176937 9.75127 5.15267
46.5 1.29995 0.0151465 10.0791 1.37469 1.29995 -0.0151137 10.0791 8.62553 -1.3 -6.83668e-05 39.86 4.9021 1.29998 -0.00176944 10.0763 5.15223
46.75 1.29994 0.0143868 10.4041 1.37829 1.29994 -0.0143543 10.4041 8.62194 -1.3 -6.83668e-05 39.535 4.90208 1.29998 -0.00176947 10.4013 5.15178
47 1.29994 0.013667 10.7291 1.3817 1.29994 -0.0136348 10.7291 8.61854 -1.3 -6.83668e-05 39.21 4.90206 1.29998 -0.00176945 10.7263 5.15134
47.25 1.29994 0.0129837 11.0541 1.38495 1.29994 -0.0129518 11.0541 8.6153 -1.3 -6.83668e-05 38.885 4.90204 1.29998 -0.00176939 11.0513 5.1509
47.5 1.29994 0.0123339 11.3791 1.38803 1.29994 -0.0123023 11.3791 8.61222 -1.3 -6.83668e-05 38.56 4.90203 1.29998 -0.00176928 11.3763 5.15046
47.75 1.29994 0.0117147 11.704 1.39096 1.29994 -0.0116835 11.7041 8.6093 -1.3 -6.83668e-05 38.235 4.90201 1.29998 -0.00176914 11.7012 5.15002
48 1.29993 0.0111239 12.029 1.39374 1.29993 -0.0110931 12.0291 8.60653 -1.3 -6.83668e-05 37.91 4.90199 1.29998 -0.00176895 12.0262 5.14957
48.25 1.29993 0.0105592 12.354 1.39638 1.29993 -0.0105288 12.354 8.6039 -1.3 -6.83668e-05 37.585 4.90198 1.29998 -0.00176873 12.3512 5.14913
48.5 1.29993 0.0100186 12.679 1.39889 1.29993 -0.00998869 12.679 8.6014 -1.3 -6.83668e-05 37.26 4.90196 1.29998 -0.00176846 12.6762 5.14869
48.75 1.29993 0.0095005 13.004 1.40126 1.29993 -0.00947102 13.004 8.59903 -1.3 -6.83669e-05 36.935 4.90194 1.29998 -0.00176816 13.0012 5.14825
49 1.29993 0.00900317 13.329 1.40351 1.29993 -0.00897418 13.329 8.59679 -1.3 -6.83669e-05 36.61 4.90193 1.29998 -0.00176783 13.3262 5.14781
49.25 1.29992 0.00852519 13.6539 1.40564 1.29992 -0.00849671 13.654 8.59466 -1.3 -6.83669e-05 36.285 4.90191 1.29998 -0.00176746 13.6512 5.14736
49.5 1.29992 0.00806524 13.9789 1.40766 1.29992 -0.00803729 13.9789 8.59265 -1.3 -6.83669e-05 35.96 4.90189 1.29998 -0.00176706 13.9762 5.14692
49.75 1.29992 0.0076221 14.3039 1.40957 1.29992 -0.00759471 14.3039 8.59075 -1.3 -6.83669e-05 35.635 4.90187 1.29998 -0.00176662 14.3012 5.14648
50 1.29992 0.00719468 14.6289 1.41136 1.29992 -0.00716785 14.6289 8.58896 -1.3 -6.83669e-05 35.31 4.90186 1.29998 -0.00176615 14.6262 5.14604
